2014-12-21T05:37:38.250000Z 24.227 94.657 89.6 5.0
2014-12-06T10:20:01.510000Z 23.369 100.432 8.3 5.5
2014-12-05T18:43:46.620000Z 23.323 100.442 12.8 5.3
2014-11-20T18:14:36.910000Z 23.503 93.483 40.8 5.9
2014-11-17T04:34:13.880000Z 20.827 94.436 79.5 5.5
2014-10-07T13:49:41.430000Z 23.422 100.522 11.2 5.6
2014-10-01T01:23:32.230000Z 28.383 102.789 24.6 5.1
2014-09-09T09:28:23.310000Z 22.166 93.29 13.3 5.3
2014-08-16T22:08:01.770000Z 28.098 103.505 21.6 5.0
2014-08-03T08:30:13.830000Z 27.237 103.414 12.1 5.9
2014-05-30T01:20:14.730000Z 25.012 97.847 5.7 6.0
2014-05-23T20:49:22.590000Z 25.001 97.87 7.2 5.6
2014-05-06T00:58:21.210000Z 19.607 99.442 10.0 5.0
2014-05-05T11:08:44.890000Z 19.704 99.745 10.0 5.7
2014-04-04T22:40:34.770000Z 28.163 103.591 19.4 5.4
2014-03-09T16:03:00.680000Z 19.207 95.635 28.8 5.0
2014-01-29T13:46:50.110000Z 23.795 93.955 55.6 5.0
2014-01-26T12:38:38.630000Z 22.972 95.89 20.1 5.1
