2000-10-11T09:42:11.410000Z 23.823 94.784 122.3 5.4
2000-10-06T12:05:41.320000Z 24.356 97.687 25.0 5.1
2000-07-02T04:27:58.730000Z 24.498 94.682 83.8 5.0
2000-06-08T12:21:10.630000Z 26.612 97.118 25.0 5.0
2000-06-07T21:46:55.700000Z 26.79 97.13 20.0 6.2
2000-02-27T17:21:29.360000Z 23.062 94.076 70.0 5.1
2000-01-25T16:43:22.280000Z 27.699 92.628 15.0 5.3
2000-01-19T20:59:27.120000Z 19.847 101.35 15.0 5.0
2000-01-14T23:37:07.920000Z 25.598 101.043 20.0 5.4
2000-01-14T22:09:06.990000Z 25.603 101.118 33.0 5.1
2000-01-02T10:23:59.170000Z 27.604 92.509 20.0 5.1
