2012-12-22T16:41:46.600000Z 22.457 94.747 142.2 5.5
2012-11-11T18:19:44.980000Z 23.243 95.785 23.9 5.5
2012-11-11T10:54:42.990000Z 22.761 95.802 15.0 5.6
2012-11-11T01:12:39.550000Z 23.018 95.836 16.8 6.1
2012-10-02T18:37:38.590000Z 26.865 92.814 35.0 5.1
2012-09-11T03:21:22.030000Z 24.657 99.218 15.0 5.0
2012-09-07T04:16:31.260000Z 27.586 104.002 15.0 5.5
2012-09-07T03:19:41.700000Z 27.542 103.938 5.9 5.6
2012-08-02T19:06:11.000000Z 26.155 96.238 35.0 5.0
2012-07-29T02:21:12.610000Z 22.904 94.248 75.8 5.7
2012-07-22T02:11:11.800000Z 25.035 96.38 17.9 5.0
2012-07-14T19:55:18.010000Z 25.439 94.416 50.8 5.3
2012-07-09T20:13:08.070000Z 25.356 96.475 35.0 5.0
2012-07-01T04:13:51.710000Z 25.588 94.655 53.5 5.5
2012-06-24T07:59:35.090000Z 27.749 100.713 12.5 5.5
2012-05-11T12:41:35.400000Z 26.206 92.857 46.1 5.2
