2008-10-08T14:07:17.160000Z 29.786 90.341 14.7 5.3
2008-10-06T12:10:34.200000Z 29.703 90.263 13.6 5.2
2008-10-06T08:45:10.710000Z 29.815 90.333 10.0 5.0
2008-10-06T08:30:46.070000Z 29.828 90.33 15.0 6.0
2008-09-22T13:30:35.590000Z 15.655 96.055 15.0 5.3
2008-08-31T08:31:10.070000Z 26.261 101.885 5.6 5.4
2008-08-30T08:30:53.750000Z 26.304 101.867 14.8 5.6
2008-08-21T12:24:32.320000Z 25.202 97.701 14.3 5.4
2008-08-19T21:35:13.390000Z 25.065 97.851 15.2 5.0
2008-07-27T22:42:07.470000Z 23.579 94.589 111.5 5.2
