2018-12-13T15:32:52.040000Z 29.62 98.707 11.0 5.0
2018-11-28T10:17:09.090000Z 27.147 96.903 30.0 5.6
2018-11-10T17:15:46.800000Z 23.963 93.415 50.8 5.1
2018-10-31T08:29:56.880000Z 27.785 102.211 15.0 5.1
2018-10-10T10:28:06.700000Z 19.057 95.543 27.3 5.1
2018-09-12T04:50:46.640000Z 26.36 90.119 12.5 5.5
2018-09-08T02:31:31.520000Z 23.38 101.579 15.0 5.3
2018-06-02T05:46:05.330000Z 27.125 96.968 28.1 5.2
2018-04-24T12:23:35.000000Z 18.402 96.016 18.8 5.0
2018-04-24T04:08:35.760000Z 22.978 94.661 114.4 5.0
2018-04-20T22:29:24.410000Z 18.321 96.118 20.0 5.1
2018-03-17T19:59:03.160000Z 18.342 96.139 20.0 5.0
2018-03-07T21:13:07.880000Z 19.85 95.924 10.0 5.2
2018-01-11T18:44:00.280000Z 18.286 95.986 21.4 5.1
2018-01-11T18:38:15.120000Z 18.274 96.031 33.7 5.1
2018-01-11T18:28:37.770000Z 18.353 95.88 10.0 5.2
2018-01-11T18:26:24.340000Z 18.39 95.987 12.1 6.0
2018-01-07T06:47:15.830000Z 24.7 94.808 40.3 5.8
