sacfile dist evdp mag Tp Tb stlo stla evlo evla
7C.MM03..BHZ 9600 40.3 5.8 757.741 0.02 -134.665 59.9992 94.808 24.7
7C.MM04..BHZ 9585 40.3 5.8 757.077 0.02 -134.551 60.24 94.808 24.7
7C.MM07..BHZ 9601 40.3 5.8 757.769 0.020001 -133.071 60.7272 94.808 24.7
7C.MM10..BHZ 9531 40.3 5.8 754.649 0.02 -133.091 61.5744 94.808 24.7
7C.MM11..BHZ 9513 40.3 5.8 753.87 0.02 -132.915 61.8624 94.808 24.7
7C.MM15..BHZ 9516 40.3 5.8 753.973 0.02 -132.581 61.9764 94.808 24.7
7C.MM17..BHZ 9529 40.3 5.8 754.576 0.019998 -131.948 62.0789 94.808 24.7
7C.MM19..BHZ 9520 40.3 5.8 754.162 0.019998 -131.495 62.3754 94.808 24.7
7C.MM20..BHZ 9511 40.3 5.8 753.78 0.02 -131.359 62.5322 94.808 24.7
7C.MM22..BHZ 9505 40.3 5.8 753.503 0.02 -131.011 62.744 94.808 24.7
7C.MM24..BHZ 9505 40.3 5.8 753.511 0.02 -130.559 62.9184 94.808 24.7
7C.MM25..BHZ 9503 40.3 5.8 753.387 0.02 -130.419 63.0049 94.808 24.7
7C.MM27..BHZ 9495 40.3 5.8 753.056 0.02 -130.201 63.1749 94.808 24.7
7C.MM28..BHZ 9493 40.3 5.8 752.953 0.020001 -129.709 63.3863 94.808 24.7
7C.MM29..BHZ 9488 40.3 5.8 752.737 0.019998 -128.766 63.7846 94.808 24.7
7C.MM32..BHZ 9435 40.3 5.8 750.313 0.019998 -128.371 64.5422 94.808 24.7
7C.MM33..BHZ 9451 40.3 5.8 751.033 0.02 -127.734 64.5754 94.808 24.7
7C.MM34..BHZ 9439 40.3 5.8 750.507 0.020003 -127.854 64.6682 94.808 24.7
7C.MM36..BHZ 9438 40.3 5.8 750.456 0.019998 -127.201 64.8969 94.808 24.7
7C.MM38..BHZ 9425 40.3 5.8 749.867 0.019987 -126.076 65.4005 94.808 24.7
7C.MM39..BHZ 9420 40.3 5.8 749.63 0.019998 -125.54 65.6226 94.808 24.7
7C.MM40..BHZ 9407 40.3 5.8 749.033 0.019998 -124.671 66.0246 94.808 24.7
8A.AIAI..BHZ 10123 40.3 5.8 780.824 0 17.4913 -27.9156 94.808 24.7
8A.AROB..BHZ 9877 40.3 5.8 770.52 0.02 19.6473 -26.7983 94.808 24.7
AK.CHN..BHZ 8735 40.3 5.8 717.392 0.0184 -159.589 54.831 94.808 24.7
AK.CHUM..BHZ 8611 40.3 5.8 711.099 0.0184 -152.315 63.8827 94.808 24.7
AK.COLD..BHZ 8499 40.3 5.8 705.399 0.0184 -150.207 67.2278 94.808 24.7
AK.CTG..BHZ 9260 40.3 5.8 742.394 0.0184 -141.34 60.9649 94.808 24.7
AK.CUT..BHZ 8786 40.3 5.8 719.801 0.01 -150.262 62.4058 94.808 24.7
AK.DHY..BHZ 8866 40.3 5.8 723.717 0.0184 -147.376 63.0753 94.808 24.7
AK.KAI..BHZ 9202 40.3 5.8 739.737 0.0184 -144.419 59.9268 94.808 24.7
AK.KIAG..BHZ 9221 40.3 5.8 740.579 0.0184 -142.361 60.9231 94.808 24.7
AK.KOTZ..BHZ 8035 40.3 5.8 681.146 0.0184 -162.6 66.8951 94.808 24.7
AK.MCAR..BHZ 9160 40.3 5.8 737.768 0.0184 -143.024 61.3836 94.808 24.7
AK.MCK..BHZ 8760 40.3 5.8 718.533 0.0184 -148.937 63.7318 94.808 24.7
AK.MDM..BHZ 8712 40.3 5.8 716.126 0.0184 -148.232 64.9602 94.808 24.7
AK.MLY..BHZ 8609 40.3 5.8 710.963 0.0184 -150.744 65.0304 94.808 24.7
AK.NIKH..BHZ 8259 40.3 5.8 693.205 0.0184 -168.855 52.9721 94.808 24.7
AK.PAX..BHZ 8951 40.3 5.8 727.823 0.0184 -145.47 62.9699 94.808 24.7
AK.DIV..BHZ 9062 40.3 5.8 733.117 0.0184 -145.775 61.1292 94.808 24.7
AV.AUWS..BHZ 8818 40.3 5.8 721.403 0.01 -153.461 59.3585 94.808 24.7
AV.AZAC..EHZ 8706 40.3 5.8 715.919 0 -158.233 56.8947 94.808 24.7
AV.BLDY..EHZ 8533 40.3 5.8 707.284 0 -162.786 55.1936 94.808 24.7
AV.CLCO..BHZ 8211 40.3 5.8 690.695 0.01 -169.723 52.7866 94.808 24.7
AV.CLES..BHZ 8199 40.3 5.8 690.046 0.018 -169.895 52.8235 94.808 24.7
AV.DTN..EHZ 8566 40.3 5.8 708.942 0 -162.259 55.1448 94.808 24.7
AV.ETKA..EHZ 7807 40.3 5.8 668.952 0 -176.408 51.8608 94.808 24.7
AV.GAKI..EHZ 7654 40.3 5.8 660.479 0 -178.814 51.5534 94.808 24.7
AV.GSCK..EHZ 7819 40.3 5.8 669.601 0 -176.164 52.0108 94.808 24.7
AK.SSN..BHZ 8822 40.3 5.8 721.556 0.0184 -150.747 61.4636 94.808 24.7
AK.SWD..BHZ 8964 40.3 5.8 728.461 0.0184 -149.453 60.1043 94.808 24.7
AK.TGL..BHZ 9213 40.3 5.8 740.225 0.0184 -142.829 60.7541 94.808 24.7
AK.TNA..BHZ 7858 40.3 5.8 671.566 0.0184 -167.927 65.5598 94.808 24.7
AK.TRF..BHZ 8722 40.3 5.8 716.618 0.0184 -150.289 63.4501 94.808 24.7
AK.UNV..BHZ 8370 40.3 5.8 698.967 0.0184 -166.505 53.8452 94.808 24.7
AK.VRDI..BHZ 9153 40.3 5.8 737.443 0.0184 -143.454 61.2275 94.808 24.7
AV.NCT..BHZ 8774 40.3 5.8 719.255 0.01 -152.929 60.5621 94.808 24.7
AV.OKID..EHZ 8304 40.3 5.8 695.552 0 -167.818 53.4764 94.808 24.7
AV.OKWE..EHZ 8278 40.3 5.8 694.192 0 -168.242 53.4711 94.808 24.7
AV.PLBL..EHZ 8739 40.3 5.8 717.552 0 -156.821 57.6991 94.808 24.7
AV.PLWL..EHZ 8746 40.3 5.8 717.868 0 -156.343 58.0442 94.808 24.7
AV.PS1A..BHZ 8583 40.3 5.8 709.787 0.018 -161.744 55.4201 94.808 24.7
AV.RDDF..BHZ 8784 40.3 5.8 719.728 0.01 -152.688 60.5912 94.808 24.7
AV.RSO..EHZ 8788 40.3 5.8 719.941 0 -152.756 60.4616 94.808 24.7
AV.SPCG..BHZ 8774 40.3 5.8 719.229 0.01 -152.023 61.2913 94.808 24.7
AV.SPNN..BHZ 8739 40.3 5.8 717.486 0.01 -152.701 61.3662 94.808 24.7
AV.SPWE..EHZ 8751 40.3 5.8 718.073 0 -152.559 61.2735 94.808 24.7
AV.SSLW..EHZ 8474 40.3 5.8 704.272 0 -164.123 54.7709 94.808 24.7
AV.STLK..BHZ 8770 40.3 5.8 719.05 0.01 -151.835 61.4982 94.808 24.7
AV.TANO..EHZ 7691 40.3 5.8 662.538 0 -178.123 51.9146 94.808 24.7
AV.TASE..EHZ 7699 40.3 5.8 662.97 0 -178.039 51.8339 94.808 24.7
EI.IGLA..BHZ 8722 40.3 5.8 716.753 0.015 -9.375 53.4195 94.808 24.7
EI.ILTH..BHZ 8506 40.3 5.8 705.91 0.015 -6.2654 54.0552 94.808 24.7
EI.IWEX..BHZ 8613 40.3 5.8 711.33 0.015 -6.7745 52.3743 94.808 24.7
EI.VAL..BHZ 8848 40.3 5.8 722.963 0.015 -10.2442 51.9394 94.808 24.7
G.ATD.00.BHZ 5654 40.3 5.8 537.252 0.019998 42.8466 11.5307 94.808 24.7
G.CLF.00.BHZ 8190 40.3 5.8 689.645 0.02 2.26 48.0258 94.808 24.7
G.CRZF.00.BHZ 8987 40.3 5.8 730.252 0.02 51.861 -46.43 94.808 24.7
G.ECH.00.BHZ 7835 40.3 5.8 670.564 0.02 7.15896 48.2163 94.808 24.7
G.FOMA.00.BHZ 7533 40.3 5.8 654.259 0.02 46.9789 -24.9757 94.808 24.7
G.IVI.00.BHZ 9919 40.3 5.8 771.409 0.02 -48.1712 61.2058 94.808 24.7
G.PAF.00.BHZ 8557 40.3 5.8 709.065 0.02 70.2107 -49.351 94.808 24.7
HL.ARG..HHZ 6408 40.3 5.8 586.358 0 28.1212 36.2136 94.808 24.7
HL.KEK..HHZ 7063 40.3 5.8 626.506 0 19.7962 39.7127 94.808 24.7
HL.RDO..HHZ 6557 40.3 5.8 595.666 0 25.5355 41.145 94.808 24.7
HT.AGG..HHZ 6861 40.3 5.8 614.446 0 22.336 39.0211 94.808 24.7
HT.ALN..HHZ 6517 40.3 5.8 593.193 0 26.0497 40.8957 94.808 24.7
HT.FNA..HHZ 6908 40.3 5.8 617.254 0.0077 21.3835 40.7818 94.808 24.7
IC.HIA.00.BHZ 3483 40.3 5.8 376.633 0.039536 119.741 49.2704 94.808 24.7
IC.MDJ.00.BHZ 3833 40.3 5.8 404.182 0.039538 129.593 44.6176 94.808 24.7
II.AAK.00.BHZ 2725 40.3 5.8 315.753 0.039538 74.4942 42.6375 94.808 24.7
II.ARU.00.BHZ 4573 40.3 5.8 460.231 0.039538 58.5615 56.4293 94.808 24.7
II.DGAR.00.BHZ 4301 40.3 5.8 440.348 0.039538 72.4525 -7.4121 94.808 24.7
II.IBFO.00.BHZ 7748 40.3 5.8 665.748 0.0008 8.3311 48.3319 94.808 24.7
II.KDAK.00.BHZ 8953 40.3 5.8 727.964 0.014538 -152.583 57.7828 94.808 24.7
II.KIV.00.BHZ 5149 40.3 5.8 501.968 0.039538 42.6863 43.9553 94.808 24.7
IU.FURI.00.BHZ 6189 40.3 5.8 572.643 0.039538 38.6798 8.8952 94.808 24.7
IU.GNI.00.BHZ 4938 40.3 5.8 486.955 0.039536 44.741 40.148 94.808 24.7
IU.GRFO..BHZ 7507 40.3 5.8 652.232 0.039538 11.2203 49.6909 94.808 24.7
IU.GUMO.00.BHZ 5378 40.3 5.8 518.289 0.014538 144.868 13.5893 94.808 24.7
IU.HNR.00.BHZ 8010 40.3 5.8 680.637 0.014538 159.947 -9.4387 94.808 24.7
IU.INCN.00.BHZ 3328 40.3 5.8 364.48 0.039538 126.624 37.4777 94.808 24.7
IU.JOHN.00.BHZ 9802 40.3 5.8 767.161 0.014536 -169.529 16.7329 94.808 24.7
IU.KBL..BHZ 2713 40.3 5.8 314.777 0.015 69.0432 34.5408 94.808 24.7
IU.KEV.00.BHZ 6599 40.3 5.8 597.971 0.039538 27.0035 69.7565 94.808 24.7
IU.KIEV.00.BHZ 6220 40.3 5.8 574.226 0.039538 29.2242 50.7012 94.808 24.7
IU.KMBO.00.BHZ 6826 40.3 5.8 612.664 0.039538 37.2525 -1.1271 94.808 24.7
JP.JCJ..BHZ 4727 40.3 5.8 471.778 0.02 142.184 27.0957 94.808 24.7
JP.JEM..BHZ 4816 40.3 5.8 478.156 0.02 143.154 42.0185 94.808 24.7
JP.JEW..BHZ 4692 40.3 5.8 469.055 0.02 141.446 42.8427 94.808 24.7
JP.JGF..BHZ 4238 40.3 5.8 435.272 0.02 137.354 35.604 94.808 24.7
JP.JHS..BHZ 3847 40.3 5.8 405.333 0.02 133.114 35.0018 94.808 24.7
JP.JKA..BHZ 4808 40.3 5.8 477.539 0.02 142.593 44.1188 94.808 24.7
JP.JMM..BHZ 4564 40.3 5.8 459.718 0.02 140.79 37.869 94.808 24.7
JP.JMN..BHZ 3903 40.3 5.8 409.71 0.02 133.876 33.7315 94.808 24.7
NR.NE211..BHZ 9439 40.3 5.8 751.438 0.0201 22.2068 -22.8538 94.808 24.7
NR.NE212..BHZ 9251 40.3 5.8 742.811 0.0281 24.6608 -23.3804 94.808 24.7
NR.NE213..BHZ 9525 40.3 5.8 755.274 0.0008 22.8573 -25.4755 94.808 24.7
NR.NE216..BHZ 9084 40.3 5.8 735.018 0.0472 24.5372 -20.1957 94.808 24.7
NR.NE217..BHZ 8884 40.3 5.8 725.449 0.0227 27.3342 -21.0997 94.808 24.7
NR.NE218..BHZ 8953 40.3 5.8 728.778 0.0249 26.2178 -20.5629 94.808 24.7
NR.NE219..BHZ 8960 40.3 5.8 729.077 0.0444 27.4468 -22.5697 94.808 24.7
NR.NE220..BHZ 9144 40.3 5.8 737.854 0.0063 25.8596 -23.363 94.808 24.7
NR.NE221..BHZ 9376 40.3 5.8 748.534 0.0346 24.8008 -25.8118 94.808 24.7
NY.FARO..HHZ 9468 40.3 5.8 751.834 0 -133.348 62.2295 94.808 24.7
TA.A36M..BHZ 8854 40.3 5.8 723.046 0.02 -125.247 71.9871 94.808 24.7
TA.B18K..BHZ 7965 40.3 5.8 677.384 0.02 -161.802 69.3641 94.808 24.7
TA.B20K..BHZ 8102 40.3 5.8 684.718 0.02 -157.16 70.0079 94.808 24.7
TA.B21K..BHZ 8209 40.3 5.8 690.387 0.019998 -154.613 69.6211 94.808 24.7
TA.B22K..BHZ 8212 40.3 5.8 690.509 0.02 -153.42 70.34 94.808 24.7
TA.C16K..BHZ 7872 40.3 5.8 672.347 0.020001 -165.344 68.2746 94.808 24.7
TA.C17K..BHZ 7949 40.3 5.8 676.509 0.02 -163.178 68.4753 94.808 24.7
TA.C18K..BHZ 8017 40.3 5.8 680.2 0.02 -161.194 68.6483 94.808 24.7
TA.C19K..BHZ 8057 40.3 5.8 682.338 0.02 -159.587 69.1049 94.808 24.7
KP.UPNV..BHZ 8973 40.3 5.8 728.769 0.02 -56.1395 72.7829 94.808 24.7
KR.ANVS..BHZ 2548 40.3 5.8 300.608 0.01 77.6672 42.7861 94.808 24.7
KR.ARK..BHZ 2834 40.3 5.8 324.645 0.01 71.9667 41.8 94.808 24.7
KR.ARSB..BHZ 2734 40.3 5.8 316.494 0.01 72.9811 41.3233 94.808 24.7
KR.BOOM..BHZ 2626 40.3 5.8 307.564 0.01 75.9422 42.4922 94.808 24.7
KR.BTK..BHZ 2812 40.3 5.8 322.855 0.02 70.818 40.0575 94.808 24.7
KR.FRU1..HHZ 2730 40.3 5.8 316.106 0 74.6284 42.8123 94.808 24.7
KR.NRN..BHZ 2545 40.3 5.8 300.319 0.01 75.97 41.4222 94.808 24.7
KR.OHH..BHZ 2697 40.3 5.8 313.466 0.02 72.785 40.5244 94.808 24.7
PL.GKP..BHZ 7032 40.3 5.8 624.495 0.043 17.2367 53.2697 94.808 24.7
PL.HSPB..HHZ 7076 40.3 5.8 626.908 0.003 15.5332 77.0019 94.808 24.7
PL.KSP..BHZ 7129 40.3 5.8 630.3 0.041 16.2931 50.8428 94.808 24.7
PL.KWP..BHZ 6688 40.3 5.8 603.705 0.035 22.7075 49.6314 94.808 24.7
PL.NIE..BHZ 6863 40.3 5.8 614.385 0.004 20.3131 49.4189 94.808 24.7
PL.OJC..BHZ 6891 40.3 5.8 616.065 0.034 19.7984 50.2195 94.808 24.7
PL.SUW..BHZ 6634 40.3 5.8 600.339 0.032 23.1808 54.0125 94.808 24.7
PM.PFVI..BHZ 9505 40.3 5.8 753.888 0.015 -8.82683 37.1328 94.808 24.7
PM.PVAQ..BHZ 9404 40.3 5.8 749.336 0.015 -7.71733 37.4037 94.808 24.7
PQ.NAB2..HHZ 10256 40.3 5.8 785.448 0 -119.166 58.595 94.808 24.7
PQ.NAHA..HHZ 9900 40.3 5.8 770.618 0 -123.39 61.0311 94.808 24.7
TA.F19K..BHZ 8232 40.3 5.8 691.593 0.02 -157.773 66.8332 94.808 24.7
TA.F20K..BHZ 8301 40.3 5.8 695.22 0.020001 -155.725 67.0486 94.808 24.7
TA.F21K..BHZ 8377 40.3 5.8 699.18 0.02 -153.483 67.2221 94.808 24.7
TA.F22K..BHZ 8410 40.3 5.8 700.866 0.02 -152.179 67.5076 94.808 24.7
TA.F24K..BHZ 8565 40.3 5.8 708.728 0.02 -147.887 67.5187 94.808 24.7
TA.F25K..BHZ 8638 40.3 5.8 712.42 0.02 -145.643 67.5933 94.808 24.7
TA.F26K..BHZ 8682 40.3 5.8 714.627 0.02 -144.145 67.6946 94.808 24.7
TA.F28M..BHZ 8829 40.3 5.8 721.837 0.019998 -139.872 67.6136 94.808 24.7
TA.F30M..BHZ 8956 40.3 5.8 728.015 0.02 -135.786 67.6106 94.808 24.7
TA.F31M..BHZ 9031 40.3 5.8 731.584 0.02 -133.742 67.441 94.808 24.7
TA.G15K..BHZ 8050 40.3 5.8 681.973 0.02 -164.039 64.9941 94.808 24.7
TA.G16K..BHZ 8107 40.3 5.8 685.022 0.02 -162.355 65.3936 94.808 24.7
TA.G17K..BHZ 8175 40.3 5.8 688.637 0.02 -160.651 65.5011 94.808 24.7
TA.G18K..BHZ 8241 40.3 5.8 692.083 0.02 -158.654 65.895 94.808 24.7
TA.G19K..BHZ 8293 40.3 5.8 694.799 0.02 -157.087 66.1434 94.808 24.7
TA.G21K..BHZ 8415 40.3 5.8 701.129 0.019998 -153.506 66.5156 94.808 24.7
TA.G22K..BHZ 8469 40.3 5.8 703.86 0.02 -151.507 66.9214 94.808 24.7
TA.J16K..BHZ 8277 40.3 5.8 694.013 0.02 -160.602 63.2842 94.808 24.7
TA.J17K..BHZ 8341 40.3 5.8 697.345 0.02 -159.078 63.3965 94.808 24.7
TA.J18K..BHZ 8443 40.3 5.8 702.613 0.02 -156.715 63.465 94.808 24.7
TA.J19K..BHZ 8464 40.3 5.8 703.649 0.02 -155.621 63.994 94.808 24.7
TA.J20K..BHZ 8517 40.3 5.8 706.359 0.02 -154.147 64.1767 94.808 24.7
TA.J25K..BHZ 8845 40.3 5.8 722.68 0.02 -145.37 64.613 94.808 24.7
TA.J26L..BHZ 8922 40.3 5.8 726.38 0.02 -143.564 64.5012 94.808 24.7
TA.J29N..BHZ 9120 40.3 5.8 735.85 0.020001 -138.216 64.4525 94.808 24.7
TA.J30M..BHZ 9176 40.3 5.8 738.473 0.02 -136.33 64.5753 94.808 24.7
TA.M30M..BHZ 9316 40.3 5.8 744.947 0.02 -136.794 62.5763 94.808 24.7
TA.M31M..BHZ 9433 40.3 5.8 750.266 0.019998 -134.391 62.2024 94.808 24.7
TA.N14K..BHZ 8378 40.3 5.8 699.263 0.019998 -161.685 59.9237 94.808 24.7
TA.N18K..BHZ 8627 40.3 5.8 711.951 0.019998 -155.89 60.6801 94.808 24.7
TA.N25K..BHZ 9079 40.3 5.8 733.953 0.02 -144.598 61.6061 94.808 24.7
TA.N30M..BHZ 9392 40.3 5.8 748.411 0.020001 -137.089 61.4593 94.808 24.7
TA.N31M..BHZ 9439 40.3 5.8 750.572 0.02 -135.78 61.4817 94.808 24.7
TA.N32M..BHZ 9566 40.3 5.8 756.209 0.02 -133.082 61.1512 94.808 24.7
TA.O14K..BHZ 8430 40.3 5.8 701.969 0.02 -161.264 59.2533 94.808 24.7
TA.O15K..BHZ 8508 40.3 5.8 705.953 0.02 -159.825 59.1767 94.808 24.7
TA.O16K..BHZ 8575 40.3 5.8 709.363 0.02 -158.093 59.5938 94.808 24.7
TA.O17K..BHZ 8616 40.3 5.8 711.408 0.02 -157.095 59.7733 94.808 24.7
TA.Q17K..BHZ 8757 40.3 5.8 718.444 0.02 -155.887 58.2637 94.808 24.7
TA.Q19K..BHZ 8833 40.3 5.8 722.166 0.02002 -153.645 58.9287 94.808 24.7
TA.Q23K..BHZ 9150 40.3 5.8 737.299 0.019998 -146.34 59.4296 94.808 24.7
TA.Q32M..BHZ 9777 40.3 5.8 765.441 0.02 -132.269 58.9601 94.808 24.7
TA.R17K..BHZ 8765 40.3 5.8 718.83 0.019998 -156.387 57.6397 94.808 24.7
XV.F6TP..HHZ 8665 40.3 5.8 713.805 0 -149.56 64.87 94.808 24.7
XV.F8KN..HHZ 8657 40.3 5.8 713.386 0 -149.931 64.7653 94.808 24.7
XV.FPAP..HHZ 8699 40.3 5.8 715.503 0 -149.099 64.613 94.808 24.7
XV.FTGH..HHZ 8705 40.3 5.8 715.796 0 -148.828 64.6917 94.808 24.7
XW.AMDT..BHZ 6894 40.3 5.8 616.785 0.02 34.9358 1.9487 94.808 24.7
XW.KABG..BHZ 6896 40.3 5.8 616.878 0.01 34.1433 3.5104 94.808 24.7
XW.KITG..BHZ 7032 40.3 5.8 625.092 0 32.8798 3.292 94.808 24.7
AU.INKA..BHZ 7612 40.3 5.8 658.685 0.014538 140.746 -27.741 94.808 24.7
AU.KDU..BHZ 5817 40.3 5.8 548.309 0.014538 132.473 -12.6869 94.808 24.7
AU.KMBL..BHZ 6842 40.3 5.8 613.603 0.014536 121.882 -31.3669 94.808 24.7
AU.KNRA..BHZ 5792 40.3 5.8 546.585 0.014538 128.763 -15.6769 94.808 24.7
AU.LCRK..BHZ 7660 40.3 5.8 661.404 0.014538 138.216 -30.4472 94.808 24.7
AU.MANU..BHZ 6395 40.3 5.8 585.89 0.014538 147.366 -2.0432 94.808 24.7
9F.POCR2.10.EHZ 10763 40.3 5.8 807.017 0 170.223 -43.352 94.808 24.7
9F.WHYM..EHZ 10778 40.3 5.8 807.63 0 170.371 -43.441 94.808 24.7
AC.BCI..HHZ 6987 40.3 5.8 621.964 0.0019 20.0675 42.3666 94.808 24.7
AC.KBN..HHZ 6961 40.3 5.8 620.424 0.0019 20.7874 40.6236 94.808 24.7
AC.LSK..HHZ 6986 40.3 5.8 621.938 0.0018 20.5987 40.1499 94.808 24.7
AC.PHP..HHZ 6969 40.3 5.8 620.911 0.002 20.4408 41.6847 94.808 24.7
AC.SRN..HHZ 7042 40.3 5.8 625.27 0.0016 20.0005 39.88 94.808 24.7
AC.VLO..HHZ 7072 40.3 5.8 627.038 0.0019 19.4955 40.4686 94.808 24.7
CN.ILON..BHZ 9569 40.3 5.8 756.245 0.02 -81.8243 69.3712 94.808 24.7
CN.INK..BHZ 8967 40.3 5.8 728.527 0.02 -133.525 68.3065 94.808 24.7
CN.LIB..EHZ 10134 40.3 5.8 780.47 0 -133.058 54.2558 94.808 24.7
CN.NDB..EHZ 10164 40.3 5.8 781.724 0 -132.94 53.9538 94.808 24.7
CN.RES..BHZ 8957 40.3 5.8 727.97 0.02 -94.8962 74.6892 94.808 24.7
CN.RUBB..HHZ 10249 40.3 5.8 785.209 0 -130.252 54.3262 94.808 24.7
CN.YUK2..HHZ 9222 40.3 5.8 740.616 0 -140.843 61.7668 94.808 24.7
CN.YUK3..HHZ 9236 40.3 5.8 741.293 0 -140.46 61.7755 94.808 24.7
CN.YUK4..HHZ 9337 40.3 5.8 745.932 0 -138.546 61.4348 94.808 24.7
CN.YUK5..HHZ 9387 40.3 5.8 748.21 0 -137.859 61.1315 94.808 24.7
CN.YUK6..HHZ 9382 40.3 5.8 747.968 0 -138.363 60.9432 94.808 24.7
CN.YUK7..HHZ 9422 40.3 5.8 749.798 0 -138.14 60.5307 94.808 24.7
CN.YUK8..HHZ 9300 40.3 5.8 744.248 0 -139.765 61.2844 94.808 24.7
BE.MEM..HHZ 7845 40.3 5.8 671.038 0.008393 6.00961 50.6087 94.808 24.7
BE.RCHB..BHZ 7912 40.3 5.8 674.721 0.039538 5.22679 50.1552 94.808 24.7
C8.GRIB..HHZ 10380 40.3 5.8 790.651 0 -129.138 53.3385 94.808 24.7
C8.GRNB..HHZ 10302 40.3 5.8 787.421 0 -129.958 53.8468 94.808 24.7
C8.HWKB..HHZ 10357 40.3 5.8 789.694 0 -129.154 53.5984 94.808 24.7
CB.CN2.00.BHZ 3465 40.3 5.8 375.316 0 125.26 43.48 94.808 24.7
MN.BNI..BHZ 7969 40.3 5.8 677.882 0.014535 6.678 45.052 94.808 24.7
MN.CEL..BHZ 7428 40.3 5.8 647.827 0.039535 15.8939 38.2603 94.808 24.7
MN.CLTB..BHZ 7675 40.3 5.8 661.806 0.015 13.216 37.578 94.808 24.7
MN.CUC..BHZ 7389 40.3 5.8 645.588 0.039538 15.8155 39.9938 94.808 24.7
MN.RTC..BHZ 9506 40.3 5.8 753.989 0.039538 -6.8569 33.9881 94.808 24.7
MN.TIR..BHZ 7023 40.3 5.8 624.147 0.045 19.8631 41.3472 94.808 24.7
MN.TUE..BHZ 7726 40.3 5.8 664.562 0.014539 9.34732 46.4722 94.808 24.7
MN.VLC..BHZ 7713 40.3 5.8 663.853 0.039538 10.3864 44.1594 94.808 24.7
MN.VSL..BHZ 7936 40.3 5.8 676.166 0.039538 9.378 39.496 94.808 24.7
S1.AUKHS..BHZ 8792 40.3 5.8 720.879 0.07 151.383 -33.4642 94.808 24.7
S1.AUKSC..BHZ 8705 40.3 5.8 716.531 0.07 145.158 -37.9684 94.808 24.7
S1.AUMAG..BHZ 8534 40.3 5.8 707.97 0.07 144.748 -36.1016 94.808 24.7
S1.AUMAR..BHZ 8054 40.3 5.8 682.964 0.07 138.636 -34.8916 94.808 24.7
S1.AUMAZ..BHZ 6669 40.3 5.8 603.032 0.07 116.038 -32.0069 94.808 24.7
S1.AUMTS..BHZ 8757 40.3 5.8 719.161 0.07 148.996 -35.3188 94.808 24.7
TA.G23K..BHZ 8536 40.3 5.8 707.309 0.02 -150.024 66.7108 94.808 24.7
TA.G24K..BHZ 8631 40.3 5.8 712.065 0.02 -147.475 66.7004 94.808 24.7
TA.G25K..BHZ 8676 40.3 5.8 714.328 0.02 -146.101 66.7653 94.808 24.7
TA.G26K..BHZ 8745 40.3 5.8 717.752 0.02 -143.785 66.9498 94.808 24.7
TA.G27K..BHZ 8828 40.3 5.8 721.813 0.020001 -141.655 66.8088 94.808 24.7
TA.G29M..BHZ 8940 40.3 5.8 727.26 0.02 -138.022 66.9116 94.808 24.7
TA.G30M..BHZ 8992 40.3 5.8 729.741 0.02 -136.222 66.9808 94.808 24.7
TA.G31M..BHZ 9057 40.3 5.8 732.822 0.02 -134.271 66.9227 94.808 24.7
TA.H16K..BHZ 8144 40.3 5.8 686.99 0.02 -162.239 64.6379 94.808 24.7
TA.H17K..BHZ 8232 40.3 5.8 691.647 0.02 -159.913 64.937 94.808 24.7
TA.H18K..BHZ 8288 40.3 5.8 694.577 0.019998 -158.363 65.1527 94.808 24.7
TA.H19K..BHZ 8350 40.3 5.8 697.761 0.02 -156.449 65.5276 94.808 24.7
TA.H20K..BHZ 8416 40.3 5.8 701.167 0.02 -154.881 65.4924 94.808 24.7
TA.H21K..BHZ 8490 40.3 5.8 704.978 0.02 -152.805 65.6571 94.808 24.7
TA.L16K..BHZ 8403 40.3 5.8 700.575 0.02 -159.475 61.7105 94.808 24.7
TA.L17K..BHZ 8438 40.3 5.8 702.368 0.02 -158.297 62.1344 94.808 24.7
TA.L19K..BHZ 8595 40.3 5.8 710.303 0.019998 -154.854 62.1816 94.808 24.7
TA.L20K..BHZ 8622 40.3 5.8 711.686 0.02 -153.88 62.4787 94.808 24.7
TA.L26K..BHZ 9032 40.3 5.8 731.706 0.02 -143.348 63.0254 94.808 24.7
TA.L27K..BHZ 9089 40.3 5.8 734.404 0.02 -141.827 63.0618 94.808 24.7
TA.L29M..BHZ 9226 40.3 5.8 740.784 0.02 -138.129 63.109 94.808 24.7
TA.M11K..BHZ 8126 40.3 5.8 686.084 0.02 -166.201 60.3849 94.808 24.7
YG.MCR2..BHZ 9110 40.3 5.8 735.406 0.01 -144.039 61.4991 94.808 24.7
YG.MCR4..BHZ 9143 40.3 5.8 736.975 0.010003 -143.467 61.3629 94.808 24.7
YG.NEB1..BHZ 9046 40.3 5.8 732.348 0.009998 -143.714 62.6228 94.808 24.7
YG.NEB2..BHZ 9060 40.3 5.8 733.041 0.010003 -143.449 62.5654 94.808 24.7
YG.NEB3..BHZ 9074 40.3 5.8 733.672 0.009998 -143.2 62.5184 94.808 24.7
YG.RH01..BHZ 8890 40.3 5.8 724.847 0.010003 -145.876 63.6483 94.808 24.7
YG.RH02..BHZ 8927 40.3 5.8 726.669 0.009998 -145.626 63.2334 94.808 24.7
YG.RH03..BHZ 8960 40.3 5.8 728.262 0.009998 -145.471 62.8334 94.808 24.7
YG.RH04..BHZ 8975 40.3 5.8 728.951 0.01 -145.456 62.6286 94.808 24.7
YG.RH05..BHZ 8992 40.3 5.8 729.788 0.009978 -145.388 62.4106 94.808 24.7
YG.RH07..BHZ 9023 40.3 5.8 731.285 0.009998 -145.382 61.95 94.808 24.7
YG.RH08..BHZ 9038 40.3 5.8 731.968 0.010004 -145.222 61.837 94.808 24.7
YG.RH10..BHZ 9055 40.3 5.8 732.809 0.010001 -145.226 61.5732 94.808 24.7
G.ROCAM.00.BHZ 5982 40.3 5.8 559.246 0.02 63.3701 -19.7555 94.808 24.7
G.SSB.00.BHZ 8122 40.3 5.8 686.056 0.02 4.542 45.279 94.808 24.7
G.TAM.00.BHZ 8918 40.3 5.8 726.823 0.02 5.52838 22.7915 94.808 24.7
GB.CWF..BHZ 8254 40.3 5.8 692.946 0.004999 -1.30767 52.7385 94.808 24.7
GB.DRUM..BHZ 8166 40.3 5.8 688.262 0.004999 -2.4864 56.9125 94.808 24.7
GB.EDMD..BHZ 8215 40.3 5.8 690.844 0.014999 -1.9636 54.8312 94.808 24.7
GB.HMNX..BHZ 8218 40.3 5.8 691.075 0.005 0.3363 50.8673 94.808 24.7
TA.E17K..BHZ 8058 40.3 5.8 682.412 0.019998 -161.826 67.082 94.808 24.7
TA.E18K..BHZ 8093 40.3 5.8 684.241 0.02 -160.603 67.4213 94.808 24.7
TA.E19K..BHZ 8222 40.3 5.8 691.108 0.02 -157.232 67.4572 94.808 24.7
TA.E20K..BHZ 8222 40.3 5.8 691.091 0.02 -156.189 68.2575 94.808 24.7
TA.E21K..BHZ 8294 40.3 5.8 694.826 0.02 -153.972 68.4414 94.808 24.7
TA.E22K..BHZ 8388 40.3 5.8 699.723 0.02 -151.813 68.1343 94.808 24.7
TA.E23K..BHZ 8471 40.3 5.8 703.951 0.02 -149.616 68.0584 94.808 24.7
TA.E24K..BHZ 8509 40.3 5.8 705.913 0.02 -148.487 68.0748 94.808 24.7
TA.E25K..BHZ 8606 40.3 5.8 710.81 0.02 -145.568 68.1207 94.808 24.7
TA.E27K..BHZ 8732 40.3 5.8 717.09 0.02 -141.595 68.1861 94.808 24.7
TA.E28M..BHZ 8767 40.3 5.8 718.78 0.02 -139.535 68.6043 94.808 24.7
TA.E29M..BHZ 8832 40.3 5.8 722.013 0.019998 -137.897 68.3889 94.808 24.7
TA.EPYK..BHZ 9024 40.3 5.8 731.26 0.02 -136.719 66.3701 94.808 24.7
TA.F14K..BHZ 7931 40.3 5.8 675.56 0.019998 -166.329 65.4742 94.808 24.7
TA.F15K..BHZ 7996 40.3 5.8 679.049 0.02 -164.648 65.7077 94.808 24.7
TA.F17K..BHZ 8109 40.3 5.8 685.119 0.02 -161.25 66.442 94.808 24.7
TA.F18K..BHZ 8167 40.3 5.8 688.208 0.02 -159.651 66.6001 94.808 24.7
TJ.CHGR..HHZ 2867 40.3 5.8 327.35 0 69.1582 38.6569 94.808 24.7
TJ.GEZN..HHZ 3010 40.3 5.8 338.931 0 67.7154 39.2833 94.808 24.7
TJ.IGRN..HHZ 2833 40.3 5.8 324.605 0 69.3266 38.2203 94.808 24.7
TJ.MANEM..HHZ 2615 40.3 5.8 306.705 0 71.66 37.53 94.808 24.7
UK.TGGS..BHZ 8490 40.3 5.8 705.174 0.005 -3.55355 50.477 94.808 24.7
US.EGAK.00.BHZ 8991 40.3 5.8 729.714 0.02 -141.158 64.7774 94.808 24.7
WM.CART..BHZ 8858 40.3 5.8 723.672 0.039538 -1.0012 37.5868 94.808 24.7
WM.UCM..BHZ 8915 40.3 5.8 726.387 0.015 -3.2441 40.3075 94.808 24.7
XA.GO02..HHZ 4874 40.3 5.8 482.304 0 45.7117 41.6941 94.808 24.7
XL.MG01..HHZ 10452 40.3 5.8 793.569 0 -120.638 56.0548 94.808 24.7
XL.MG05..HHZ 10478 40.3 5.8 794.643 0 -120.302 55.8951 94.808 24.7
XV.F5MN..HHZ 8679 40.3 5.8 714.504 0 -149.181 64.8857 94.808 24.7
MN.WDD..BHZ 7614 40.3 5.8 658.434 0.039538 14.5242 35.8373 94.808 24.7
8A.ARON..BHZ 9784 40.3 5.8 766.583 0.015 19.12 -24.1355 94.808 24.7
8A.BAHE..BHZ 9978 40.3 5.8 774.789 0.02 15.4405 -21.3521 94.808 24.7
8A.GAMM..BHZ 9425 40.3 5.8 750.799 0.02 20.8253 -20.2505 94.808 24.7
8A.HELM..BHZ 10079 40.3 5.8 778.968 0.02 16.828 -25.8806 94.808 24.7
8A.HOCH..BHZ 9763 40.3 5.8 765.667 0.02 17.8531 -21.4902 94.808 24.7
8A.KANO..BHZ 9498 40.3 5.8 754.06 0.015 19.4398 -19.1949 94.808 24.7
8A.KETS..BHZ 10029 40.3 5.8 776.877 0.01 17.9436 -26.8412 94.808 24.7
8A.MARI..BHZ 9915 40.3 5.8 772.116 0 17.9314 -24.5985 94.808 24.7
8A.OTJO..BHZ 9862 40.3 5.8 769.901 0.015 15.9799 -20.018 94.808 24.7
8A.SOLI..BHZ 10048 40.3 5.8 777.703 0.015 16.0395 -23.8612 94.808 24.7
8A.WAND..BHZ 9755 40.3 5.8 765.347 0.005 19.7436 -24.65 94.808 24.7
9F.COVA..EHZ 10758 40.3 5.8 806.818 0 169.968 -43.613 94.808 24.7
9F.LARB..EHZ 10763 40.3 5.8 807.008 0 169.936 -43.7488 94.808 24.7
AK.DOT..BHZ 8961 40.3 5.8 728.284 0.0184 -144.07 63.6482 94.808 24.7
AK.FALS..BHZ 8512 40.3 5.8 706.193 0.0184 -163.418 54.8564 94.808 24.7
AK.FIRE..BHZ 8865 40.3 5.8 723.672 0.0184 -150.216 61.1426 94.808 24.7
AK.FYU..BHZ 8720 40.3 5.8 716.519 0.0184 -145.234 66.5657 94.808 24.7
AK.GAMB..BHZ 7739 40.3 5.8 665.024 0.0184 -171.704 63.7758 94.808 24.7
AK.GCSA..BHZ 8371 40.3 5.8 698.885 0.0184 -156.879 64.7461 94.808 24.7
AK.GHO..BHZ 8883 40.3 5.8 724.558 0.0184 -148.926 61.771 94.808 24.7
AK.GOAT..BHZ 9144 40.3 5.8 737.003 0.0184 -144.729 60.5805 94.808 24.7
AK.GRNC..BHZ 9260 40.3 5.8 742.382 0.0184 -141.756 60.7315 94.808 24.7
AK.HDA..BHZ 8797 40.3 5.8 720.341 0.01 -146.948 64.4091 94.808 24.7
AK.HIN..BHZ 9078 40.3 5.8 733.926 0.0184 -146.503 60.396 94.808 24.7
AK.PIN..BHZ 9369 40.3 5.8 747.382 0.0184 -140.253 60.0959 94.808 24.7
AK.PPD..BHZ 8779 40.3 5.8 719.44 0.0184 -145.525 65.5174 94.808 24.7
AK.PPLA..BHZ 8673 40.3 5.8 714.22 0.0184 -152.189 62.8962 94.808 24.7
AK.PTPK..BHZ 9197 40.3 5.8 739.496 0.0184 -142.467 61.1871 94.808 24.7
AK.RC01..BHZ 8890 40.3 5.8 724.875 0.01 -149.739 61.0889 94.808 24.7
AK.RDOG..BHZ 7976 40.3 5.8 677.971 0.0184 -162.908 68.0541 94.808 24.7
AK.RIDG..BHZ 8924 40.3 5.8 726.518 0.0184 -144.846 63.7399 94.808 24.7
AK.RND..BHZ 8784 40.3 5.8 719.692 0.0184 -148.86 63.4056 94.808 24.7
AK.SAMH..BHZ 9344 40.3 5.8 746.261 0.0184 -140.783 60.1294 94.808 24.7
AK.SAW..BHZ 8907 40.3 5.8 725.7 0.0184 -148.332 61.807 94.808 24.7
AK.SCM..BHZ 8948 40.3 5.8 727.708 0.0184 -147.329 61.832 94.808 24.7
AK.SCRK..BHZ 8941 40.3 5.8 727.345 0.0184 -143.99 63.9761 94.808 24.7
AK.SII..BHZ 8941 40.3 5.8 727.397 0.0184 -154.184 56.5593 94.808 24.7
AK.SKN..BHZ 8756 40.3 5.8 718.317 0.0184 -151.532 61.98 94.808 24.7
AK.SLK..BHZ 8903 40.3 5.8 725.534 0.0184 -150.223 60.5117 94.808 24.7
AT.SKAG..BHZ 9617 40.3 5.8 758.506 0.01 -135.329 59.4601 94.808 24.7
AT.SMY..BHZ 7154 40.3 5.8 631.734 0.01 174.103 52.7308 94.808 24.7
AT.SVW2..BHZ 8617 40.3 5.8 711.438 0.01 -155.622 61.1082 94.808 24.7
AT.TTA..BHZ 8503 40.3 5.8 705.633 0.01 -156.012 62.9301 94.808 24.7
AU.ARMA..BHZ 8598 40.3 5.8 711.229 0.014539 151.629 -30.4183 94.808 24.7
AU.BBOO..BHZ 7724 40.3 5.8 664.932 0.014539 136.059 -32.8102 94.808 24.7
AU.BLDU..BHZ 6552 40.3 5.8 595.742 0.014538 116.709 -30.6147 94.808 24.7
AU.CMSA..BHZ 8248 40.3 5.8 693.274 0.014538 145.692 -31.5375 94.808 24.7
AU.CNB..BHZ 8782 40.3 5.8 720.387 0.014538 149.363 -35.315 94.808 24.7
AU.COEN..BHZ 6773 40.3 5.8 609.464 0.014538 143.175 -13.9574 94.808 24.7
AU.EIDS..BHZ 8208 40.3 5.8 691.191 0.014538 151.082 -25.3691 94.808 24.7
AU.FITZ..BHZ 5797 40.3 5.8 546.914 0.02 125.64 -18.0982 94.808 24.7
AU.FORT..BHZ 7089 40.3 5.8 628.484 0.014536 128.059 -30.779 94.808 24.7
AU.GIRL..BHZ 5643 40.3 5.8 536.536 0.014541 114.234 -22.643 94.808 24.7
AU.OOD..BHZ 7277 40.3 5.8 639.537 0.014539 135.688 -27.7944 94.808 24.7
AU.PSAB2.00.BHZ 5791 40.3 5.8 546.509 0.014539 119.861 -21.5548 94.808 24.7
AU.PSAD3.00.BHZ 5795 40.3 5.8 546.806 0.014536 119.78 -21.6432 94.808 24.7
AU.QIS..BHZ 6970 40.3 5.8 621.429 0.014538 139.605 -20.5577 94.808 24.7
AU.RABL..BHZ 6975 40.3 5.8 621.667 0.014538 152.164 -4.1912 94.808 24.7
AU.RIV..BHZ 8802 40.3 5.8 721.35 0.014538 151.158 -33.8294 94.808 24.7
AU.STKA..BHZ 7996 40.3 5.8 679.866 0.02 141.596 -31.8757 94.808 24.7
AU.WRKA..BHZ 6580 40.3 5.8 597.529 0.014538 128.296 -25.0375 94.808 24.7
AU.XMIS..BHZ 4066 40.3 5.8 422.46 0.014538 105.652 -10.4807 94.808 24.7
AV.AMKA..BHZ 7531 40.3 5.8 653.535 0.01 179.302 51.3787 94.808 24.7
AV.ANCK..BHZ 8781 40.3 5.8 719.605 0.018 -155.496 58.1981 94.808 24.7
AV.ANNE..EHZ 8714 40.3 5.8 716.335 0 -158.061 56.9119 94.808 24.7
CH.MUGIO..BHZ 7765 40.3 5.8 666.702 0.0158 9.04167 45.9219 94.808 24.7
CH.SENIN..BHZ 7881 40.3 5.8 673.098 0.02 7.2993 46.3633 94.808 24.7
CH.SLE..BHZ 7753 40.3 5.8 666 0.0042 8.49236 47.7645 94.808 24.7
CN.BLKN..HHZ 10091 40.3 5.8 778.532 0 -96.0024 64.3185 94.808 24.7
CN.BMTB..HHZ 10403 40.3 5.8 791.554 0 -122.133 56.0451 94.808 24.7
CN.BNB..EHZ 10332 40.3 5.8 788.665 0 -131.752 52.5758 94.808 24.7
CN.BVCY..HHZ 9174 40.3 5.8 738.377 0 -140.861 62.4141 94.808 24.7
CN.DAWY..HHZ 9107 40.3 5.8 735.244 0 -139.394 64.0647 94.808 24.7
CN.DLBC..BHZ 9906 40.3 5.8 770.909 0.02 -130.03 58.4368 94.808 24.7
CN.FNSB..HHZ 10126 40.3 5.8 780.074 0 -122.733 58.8061 94.808 24.7
CN.FRB..BHZ 10092 40.3 5.8 778.571 0.02 -68.5451 63.7469 94.808 24.7
CN.HG4B..HHZ 10380 40.3 5.8 790.668 0 -131.198 52.2931 94.808 24.7
CN.HYT..HHZ 9424 40.3 5.8 749.898 0 -137.507 60.8267 94.808 24.7
II.LVZ.00.BHZ 6247 40.3 5.8 575.79 0.039538 34.6514 67.8979 94.808 24.7
II.MBAR.00.BHZ 7438 40.3 5.8 648.847 0.039538 30.7382 -0.6019 94.808 24.7
II.MSEY.00.BHZ 5355 40.3 5.8 516.789 0.039538 55.4792 -4.6737 94.808 24.7
II.OBN.00.BHZ 5784 40.3 5.8 545.512 0.039538 36.5674 55.1146 94.808 24.7
II.SIMI.00.BHZ 2879 40.3 5.8 328.319 0.014538 69.0083 38.6585 94.808 24.7
II.SUR.00.BHZ 10075 40.3 5.8 778.78 0.039538 20.8117 -32.3797 94.808 24.7
IM.EKR9..BHZ 8262 40.3 5.8 693.338 0.02 -3.0732 55.3137 94.808 24.7
AV.ISNN..EHZ 8491 40.3 5.8 705.166 0 -163.78 54.8314 94.808 24.7
AV.KAPH..EHZ 8817 40.3 5.8 721.373 0 -154.349 58.5961 94.808 24.7
AV.KARR..EHZ 8805 40.3 5.8 720.766 0 -154.705 58.4971 94.808 24.7
AV.KCG..EHZ 8794 40.3 5.8 720.27 0 -155.113 58.3069 94.808 24.7
AV.KIWB..EHZ 7758 40.3 5.8 666.228 0 -177.153 51.852 94.808 24.7
AV.KJL..EHZ 8785 40.3 5.8 719.796 0 -155.575 58.0533 94.808 24.7
AV.KOSE..EHZ 7948 40.3 5.8 676.629 0 -174.051 52.3447 94.808 24.7
AV.MAPS..BHZ 8345 40.3 5.8 697.665 0.01 -166.941 53.8082 94.808 24.7
AV.MGLS..EHZ 8802 40.3 5.8 720.617 0 -155.163 58.1336 94.808 24.7
AV.MREP..EHZ 8357 40.3 5.8 698.274 0 -166.748 53.8096 94.808 24.7
AV.NCG..EHZ 8761 40.3 5.8 718.601 0 -152.159 61.4031 94.808 24.7
AK.WAT1..HHZ 8833 40.3 5.8 722.096 0.0084 -148.551 62.8295 94.808 24.7
AK.WAT6..BHZ 8883 40.3 5.8 724.528 0.0184 -147.74 62.5808 94.808 24.7
AK.WAT7..BHZ 8820 40.3 5.8 721.474 0.0184 -148.848 62.8331 94.808 24.7
AT.CRAG..BHZ 10032 40.3 5.8 776.184 0.01 -133.123 55.4689 94.808 24.7
AT.MENT..BHZ 9024 40.3 5.8 731.294 0.01 -143.719 62.938 94.808 24.7
AT.OHAK..BHZ 8949 40.3 5.8 727.811 0.01 -153.288 57.2225 94.808 24.7
AT.PMR..BHZ 8885 40.3 5.8 724.667 0.01 -149.131 61.5922 94.808 24.7
AV.VNNF..EHZ 8678 40.3 5.8 714.52 0 -159.318 56.2829 94.808 24.7
AV.WACK..BHZ 9065 40.3 5.8 733.246 0.01 -144.331 61.9858 94.808 24.7
AV.WTUG..EHZ 8455 40.3 5.8 703.305 0 -164.387 54.8466 94.808 24.7
AV.ZRO..EHZ 8392 40.3 5.8 700.084 0 -165.98 54.0907 94.808 24.7
IU.ADK.00.BHZ 7788 40.3 5.8 667.905 0.039538 -176.684 51.8823 94.808 24.7
IU.ANTO.00.BHZ 5957 40.3 5.8 557.199 0.014538 32.7934 39.868 94.808 24.7
IU.BILL.00.BHZ 6720 40.3 5.8 605.463 0.0395 166.453 68.0653 94.808 24.7
IU.CASY.00.BHZ 10175 40.3 5.8 782.677 0.039536 110.535 -66.2792 94.808 24.7
IU.COLA.00.BHZ 8732 40.3 5.8 717.113 0.014538 -147.862 64.8736 94.808 24.7
IU.CTAO.00.BHZ 7456 40.3 5.8 649.864 0.039538 146.255 -20.0882 94.808 24.7
IU.FUNA.00.BHZ 9846 40.3 5.8 769.227 0.014538 179.197 -8.5259 94.808 24.7
IU.KONO.00.BHZ 7405 40.3 5.8 646.232 0.039538 9.5982 59.6491 94.808 24.7
IU.LSZ.00.BHZ 8475 40.3 5.8 705.033 0.039538 28.1882 -15.2779 94.808 24.7
IU.MA2.00.BHZ 5770 40.3 5.8 544.537 0.0395 150.77 59.5756 94.808 24.7
IU.MAJO.00.BHZ 4323 40.3 5.8 441.696 0.039538 138.204 36.5457 94.808 24.7
IU.MBWA.00.BHZ 5746 40.3 5.8 543.503 0.014539 119.731 -21.159 94.808 24.7
IU.MIDW.00.BHZ 8557 40.3 5.8 708.893 0.014539 -177.37 28.2156 94.808 24.7
IU.NWAO.00.BHZ 6807 40.3 5.8 611.497 0.039538 117.239 -32.9277 94.808 24.7
IU.PAB.00.BHZ 9036 40.3 5.8 732.209 0.039539 -4.3499 39.5446 94.808 24.7
IU.PMG.00.BHZ 6819 40.3 5.8 612.271 0.039538 147.16 -9.4047 94.808 24.7
IU.TARA.00.BHZ 8751 40.3 5.8 718.887 0.014538 172.923 1.3549 94.808 24.7
IU.TIXI.00.BHZ 5637 40.3 5.8 535.461 0.0395 128.867 71.6341 94.808 24.7
IU.ULN.00.BHZ 2788 40.3 5.8 320.844 0.039538 107.053 47.8651 94.808 24.7
IU.WAKE.00.BHZ 7361 40.3 5.8 644.233 0.014538 166.652 19.2834 94.808 24.7
IU.YAK.00.BHZ 4900 40.3 5.8 483.999 0.0395 129.68 62.031 94.808 24.7
IU.YSS.00.BHZ 4886 40.3 5.8 483.115 0.02 142.76 46.9587 94.808 24.7
JP.JMZ..BHZ 3659 40.3 5.8 390.692 0.02 131.224 25.8198 94.808 24.7
JP.JOW..BHZ 3356 40.3 5.8 366.726 0.02 128.273 26.836 94.808 24.7
JP.JSD..BHZ 4345 40.3 5.8 443.354 0.02 138.257 38.04 94.808 24.7
JP.JSG..BHZ 4306 40.3 5.8 440.473 0.02 138.183 34.6777 94.808 24.7
JP.JSU..BHZ 3567 40.3 5.8 383.405 0.02 130.453 31.5093 94.808 24.7
JP.JTM..BHZ 4625 40.3 5.8 464.145 0.02 141.065 40.7895 94.808 24.7
JP.JTU..BHZ 3503 40.3 5.8 378.349 0.02 129.396 34.5275 94.808 24.7
JP.JWT..BHZ 4058 40.3 5.8 421.564 0.02 135.399 35.2857 94.808 24.7
JP.JYT..BHZ 4498 40.3 5.8 454.8 0.02 140.191 36.2308 94.808 24.7
KG.TJN..BHZ 3361 40.3 5.8 367.091 0.039538 127.364 36.3772 94.808 24.7
KO.BALB..HHZ 6379 40.3 5.8 584.481 0 27.88 39.64 94.808 24.7
KO.BNN..BHZ 5700 40.3 5.8 540.061 0.01 35.8472 38.8522 94.808 24.7
KO.ELL..BHZ 6241 40.3 5.8 575.711 0.01 29.9085 36.7483 94.808 24.7
KO.GAZ..BHZ 5589 40.3 5.8 532.569 0.01 37.2097 37.1722 94.808 24.7
KO.GURO..HHZ 5162 40.3 5.8 502.958 0 42.0322 38.5509 94.808 24.7
KO.KARS..HHZ 5081 40.3 5.8 497.193 0 43.0937 40.6152 94.808 24.7
NY.FLDN..HHZ 9970 40.3 5.8 773.568 0 -123.475 60.239 94.808 24.7
NY.WGLY..HHZ 9696 40.3 5.8 761.863 0 -123.458 63.2281 94.808 24.7
NY.WTLY..HHZ 9806 40.3 5.8 766.657 0 -128.796 60.1133 94.808 24.7
OE.DAVA..BHZ 7664 40.3 5.8 661.11 0.0395 9.8803 47.2867 94.808 24.7
OE.KBA..BHZ 7414 40.3 5.8 646.914 0.0395 13.3447 47.0784 94.808 24.7
OX.ACOM..HHZ 7413 40.3 5.8 646.885 0.0084 13.5149 46.5479 94.808 24.7
OX.CGRP..HHZ 7558 40.3 5.8 655.146 0.0084 11.8047 45.8806 94.808 24.7
OX.CLUD..HHZ 7463 40.3 5.8 649.727 0.0084 12.8814 46.4569 94.808 24.7
OX.DRE..HHZ 7412 40.3 5.8 646.821 0 13.645 46.1733 94.808 24.7
OX.FUSE..HHZ 7455 40.3 5.8 649.273 0.0084 13.0011 46.4142 94.808 24.7
OX.PRED..HHZ 7412 40.3 5.8 646.808 0.0084 13.565 46.4428 94.808 24.7
OX.SABO..HHZ 7417 40.3 5.8 647.119 0.0084 13.6337 45.9875 94.808 24.7
OX.ZOU2..HHZ 7453 40.3 5.8 649.197 0.0084 12.9729 46.5584 94.808 24.7
PL.BEL..BHZ 6806 40.3 5.8 610.892 0.0322 20.792 51.837 94.808 24.7
TA.C21K..BHZ 8227 40.3 5.8 691.344 0.02 -154.783 69.1565 94.808 24.7
TA.C23K..BHZ 8332 40.3 5.8 696.81 0.02 -150.613 69.836 94.808 24.7
TA.C24K..BHZ 8402 40.3 5.8 700.396 0.02 -148.701 69.72 94.808 24.7
TA.C26K..BHZ 8509 40.3 5.8 705.897 0.02 -144.912 69.9175 94.808 24.7
TA.C27K..BHZ 8566 40.3 5.8 708.765 0.02 -143.711 69.626 94.808 24.7
TA.C36M..BHZ 9119 40.3 5.8 735.72 0.02 -124.07 69.3475 94.808 24.7
TA.D17K..BHZ 7983 40.3 5.8 678.36 0.019998 -163.083 67.6988 94.808 24.7
TA.D19K..BHZ 8139 40.3 5.8 686.715 0.02 -158.115 68.4946 94.808 24.7
TA.D20K..BHZ 8184 40.3 5.8 689.078 0.02 -156.613 68.7132 94.808 24.7
TA.D22K..BHZ 8316 40.3 5.8 695.969 0.02 -152.682 68.8799 94.808 24.7
TA.D23K..BHZ 8380 40.3 5.8 699.304 0.02 -150.681 68.9656 94.808 24.7
TA.D24K..BHZ 8432 40.3 5.8 701.958 0.02 -148.823 69.1532 94.808 24.7
TA.D25K..BHZ 8502 40.3 5.8 705.521 0.02 -146.375 69.322 94.808 24.7
TA.D27M..BHZ 8677 40.3 5.8 714.322 0.02 -140.965 69.243 94.808 24.7
TA.D28M..BHZ 8737 40.3 5.8 717.313 0.02 -138.737 69.3286 94.808 24.7
KR.SFK..BHZ 2615 40.3 5.8 306.717 0.01 73.5025 40.0167 94.808 24.7
KR.TRKS..BHZ 2868 40.3 5.8 327.415 0.01 71.1733 41.4625 94.808 24.7
KS.BUS2..BHZ 3490 40.3 5.8 377.352 0.0395 129.113 35.2486 94.808 24.7
KS.CHJ2..BHZ 3427 40.3 5.8 372.333 0.0395 127.975 36.873 94.808 24.7
KS.NAWB..BHZ 3341 40.3 5.8 365.483 0.0395 127.396 35.4213 94.808 24.7
KS.SEO2..BHZ 3354 40.3 5.8 366.501 0.0395 126.917 37.4939 94.808 24.7
KZ.AKTO..BHZ 4253 40.3 5.8 436.297 0.02 58.0164 50.4348 94.808 24.7
KZ.KNDC..BHZ 2622 40.3 5.8 307.256 0.021 76.9658 43.2172 94.808 24.7
KZ.KUR10..BHZ 3191 40.3 5.8 353.472 0.021 78.4977 50.5236 94.808 24.7
KZ.KUR14..BHZ 3196 40.3 5.8 353.87 0.021 78.5927 50.6144 94.808 24.7
KZ.KUR20..BHZ 3207 40.3 5.8 354.745 0.021 78.3746 50.6436 94.808 24.7
KZ.KURK..BHZ 3205 40.3 5.8 354.551 0.02 78.6202 50.7154 94.808 24.7
KZ.MAKZ..BHZ 2705 40.3 5.8 314.082 0.02 81.977 46.808 94.808 24.7
LX.GGNV..BHZ 9448 40.3 5.8 751.321 0.039535 -9.1505 38.7185 94.808 24.7
LX.MESJ..BHZ 9421 40.3 5.8 750.115 0.034999 -8.21994 37.8395 94.808 24.7
LX.MORF..BHZ 9483 40.3 5.8 752.879 0.01 -8.65267 37.3043 94.808 24.7
MI.GOLF..BHZ 5408 40.3 5.8 520.345 0.01 145.786 15.2251 94.808 24.7
PQ.NBC1..HHZ 10013 40.3 5.8 775.351 0 -123.824 59.6559 94.808 24.7
PQ.NBC3..HHZ 10112 40.3 5.8 779.468 0 -120.669 59.6372 94.808 24.7
PQ.NBC5..HHZ 10247 40.3 5.8 785.104 0 -122.678 57.5231 94.808 24.7
PQ.NBC6..HHZ 10191 40.3 5.8 782.769 0 -121.334 58.5839 94.808 24.7
PQ.NBC8..HHZ 10345 40.3 5.8 789.142 0 -122.404 56.5731 94.808 24.7
PS.PATS..BHZ 7025 40.3 5.8 624.617 0.0313 158.315 6.8367 94.808 24.7
PT.KEKH..HHZ 10460 40.3 5.8 794.508 0 -159.711 21.9829 94.808 24.7
PT.OPA..HHZ 10630 40.3 5.8 801.452 0 -158.01 21.6872 94.808 24.7
RO.BUR31..BHZ 6518 40.3 5.8 593.199 0.02 25.2002 47.644 94.808 24.7
RV.HILA..BHZ 10321 40.3 5.8 788.146 0.02 -117.02 58.5561 94.808 24.7
S1.AUALC..BHZ 6815 40.3 5.8 612.007 0.07 133.883 -23.6899 94.808 24.7
S1.AUAYR..BHZ 7514 40.3 5.8 653.198 0.07 147.409 -19.5774 94.808 24.7
S1.AUDCS..BHZ 8507 40.3 5.8 706.623 0.07 148.628 -32.2334 94.808 24.7
TA.K13K..BHZ 8143 40.3 5.8 686.964 0.02 -164.656 61.9331 94.808 24.7
TA.K15K..BHZ 8278 40.3 5.8 694.092 0.02 -161.531 62.2938 94.808 24.7
TA.K17K..BHZ 8410 40.3 5.8 700.88 0.02 -158.301 62.7161 94.808 24.7
TA.K20K..BHZ 8565 40.3 5.8 708.81 0.02 -154.07 63.3569 94.808 24.7
TA.K24K..BHZ 8883 40.3 5.8 724.533 0.020001 -145.778 63.8036 94.808 24.7
TA.K27K..BHZ 9011 40.3 5.8 730.664 0.020001 -142.076 64.0292 94.808 24.7
TA.K29M..BHZ 9192 40.3 5.8 739.19 0.02 -137.52 63.8433 94.808 24.7
TA.L14K..BHZ 8264 40.3 5.8 693.376 0.02 -162.683 61.3416 94.808 24.7
TA.L15K..BHZ 8308 40.3 5.8 695.646 0.02 -161.487 61.678 94.808 24.7
TA.O18K..BHZ 8705 40.3 5.8 715.829 0.02 -155.208 59.8542 94.808 24.7
TA.O19K..BHZ 8729 40.3 5.8 717.025 0.020001 -154.32 60.1952 94.808 24.7
TA.O20K..BHZ 8817 40.3 5.8 721.33 0.019998 -152.624 60.0815 94.808 24.7
TA.O22K..BHZ 8928 40.3 5.8 726.729 0.02 -149.724 60.4814 94.808 24.7
TA.O29M..BHZ 9422 40.3 5.8 749.795 0.02 -138.576 60.3024 94.808 24.7
TA.P17K..BHZ 8679 40.3 5.8 714.568 0.02 -156.439 59.1953 94.808 24.7
TA.P18K..BHZ 8729 40.3 5.8 717.034 0.02 -155.229 59.3922 94.808 24.7
TA.P19K..BHZ 8812 40.3 5.8 721.121 0.02 -153.232 59.6524 94.808 24.7
TA.P29M..BHZ 9507 40.3 5.8 753.634 0.02 -137.738 59.6304 94.808 24.7
TA.P33M..BHZ 9653 40.3 5.8 760.048 0.019998 -132.817 60.2114 94.808 24.7
TA.POKR..BHZ 8733 40.3 5.8 717.165 0.02 -147.434 65.1171 94.808 24.7
TA.R18K..BHZ 8870 40.3 5.8 723.95 0.02 -154.452 57.5665 94.808 24.7
TA.R31K..BHZ 9684 40.3 5.8 761.433 0.02 -135.74 58.4133 94.808 24.7
TA.R33M..BHZ 9790 40.3 5.8 765.971 0.02 -130.967 59.3946 94.808 24.7
TA.S14K..BHZ 8664 40.3 5.8 713.866 0.02 -159.553 56.2848 94.808 24.7
TA.S31K..BHZ 9699 40.3 5.8 762.104 0.02 -136.232 57.9616 94.808 24.7
TA.S32K..BHZ 9808 40.3 5.8 766.758 0.02 -134.576 57.4688 94.808 24.7
TA.S34M..BHZ 9909 40.3 5.8 771.029 0.02 -131.131 57.9128 94.808 24.7
TA.T33K..BHZ 9928 40.3 5.8 771.845 0.019998 -132.952 56.8144 94.808 24.7
TA.T35M..BHZ 10022 40.3 5.8 775.768 0.02 -130.25 56.9811 94.808 24.7
TA.TOLK..BHZ 8437 40.3 5.8 702.244 0.02 -149.572 68.6408 94.808 24.7
TA.U35K..BHZ 10122 40.3 5.8 779.939 0.02 -130.026 55.9154 94.808 24.7
TA.V35K..BHZ 10107 40.3 5.8 779.318 0.02 -131.615 55.3279 94.808 24.7
XW.KOTD..BHZ 6924 40.3 5.8 618.584 0.02 34.1104 3.0002 94.808 24.7
XW.KUMI..BHZ 7024 40.3 5.8 624.591 0.005 33.8648 1.4769 94.808 24.7
XW.LANG..BHZ 6991 40.3 5.8 622.625 0.01 33.5637 2.7402 94.808 24.7
XW.LIRA..BHZ 7072 40.3 5.8 627.449 0.02 33.0643 2.1096 94.808 24.7
XW.NAPK..BHZ 6928 40.3 5.8 618.862 0.02 34.3775 2.3692 94.808 24.7
YG.DEN1..BHZ 8928 40.3 5.8 726.718 0.01 -145.908 63.0466 94.808 24.7
YG.DEN3..BHZ 8890 40.3 5.8 724.886 0.009998 -146.833 63.0487 94.808 24.7
YG.DEN4..BHZ 8853 40.3 5.8 723.08 0.009998 -147.544 63.171 94.808 24.7
YG.DEN5..BHZ 8822 40.3 5.8 721.557 0.009998 -148.105 63.297 94.808 24.7
YG.GLN1..BHZ 8986 40.3 5.8 729.492 0.01 -146.044 62.0962 94.808 24.7
YG.GLN2..BHZ 8969 40.3 5.8 728.713 0.010003 -146.486 62.0601 94.808 24.7
YG.GLN4..BHZ 8936 40.3 5.8 727.115 0.010001 -147.68 61.7895 94.808 24.7
YG.LKLO..BHZ 8956 40.3 5.8 728.041 0.009998 -146.525 62.2474 94.808 24.7
YG.MCR1..BHZ 9059 40.3 5.8 733.009 0.009984 -144.895 61.7157 94.808 24.7
AU.MEEK..BHZ 6230 40.3 5.8 575.338 0.014536 118.614 -26.6376 94.808 24.7
AU.MILA..BHZ 8895 40.3 5.8 725.888 0.014538 149.155 -37.0547 94.808 24.7
AU.MOO..BHZ 9173 40.3 5.8 739.106 0.014538 147.19 -42.4417 94.808 24.7
AU.MORW..BHZ 6369 40.3 5.8 584.211 0.014536 116.04 -29.0679 94.808 24.7
AU.MTN..BHZ 5729 40.3 5.8 542.353 0.014538 131.133 -12.8436 94.808 24.7
AU.MULG..BHZ 7387 40.3 5.8 645.867 0.014536 134.059 -30.2818 94.808 24.7
AU.MUN..BHZ 6672 40.3 5.8 603.23 0.014538 116.208 -31.9783 94.808 24.7
AU.NFK..BHZ 9822 40.3 5.8 768.189 0.014538 167.939 -29.0433 94.808 24.7
AF.SKRH..BHZ 7543 40.3 5.8 654.828 0.01 44.733 -22.827 94.808 24.7
AK.ANM..BHZ 8007 40.3 5.8 679.667 0.0184 -165.373 64.5646 94.808 24.7
AK.ATKA..BHZ 7943 40.3 5.8 676.356 0.0184 -174.197 52.2016 94.808 24.7
AK.BARK..BHZ 9252 40.3 5.8 742.042 0.0184 -142.493 60.403 94.808 24.7
AK.BARN..BHZ 9240 40.3 5.8 741.465 0.0184 -141.662 61.0595 94.808 24.7
AK.BCP..BHZ 9405 40.3 5.8 749.024 0.0184 -139.637 59.9534 94.808 24.7
AK.BMR..BHZ 9123 40.3 5.8 736.005 0.0184 -144.605 60.9677 94.808 24.7
AK.BPAW..BHZ 8654 40.3 5.8 713.237 0.0184 -150.987 64.0997 94.808 24.7
AK.BRSE..BHZ 8926 40.3 5.8 726.645 0.0184 -150.741 59.7417 94.808 24.7
AK.BWN..BHZ 8718 40.3 5.8 716.452 0.0184 -149.299 64.1732 94.808 24.7
AK.CAST..BHZ 8648 40.3 5.8 712.932 0.0184 -152.084 63.4188 94.808 24.7
AK.CCB..BHZ 8749 40.3 5.8 717.938 0.0184 -147.805 64.6453 94.808 24.7
CZ.KHC..BHZ 7352 40.3 5.8 643.344 0.0395 13.5782 49.1309 94.808 24.7
DK.BSD..BHZ 7159 40.3 5.8 632.007 0.0094 14.915 55.114 94.808 24.7
DK.ILULI..BHZ 9234 40.3 5.8 741.12 0.013392 -51.1048 69.2121 94.808 24.7
DK.ISOG..BHZ 9257 40.3 5.8 742.194 0.02 -38.9757 65.548 94.808 24.7
DK.NEEM.00.BHZ 8448 40.3 5.8 702.724 0.019998 -51.0738 77.4447 94.808 24.7
DK.NUUG.00.BHZ 9049 40.3 5.8 732.398 0.019998 -53.1996 71.5384 94.808 24.7
DK.SCO..BHZ 8364 40.3 5.8 698.433 0.02 -21.9497 70.4856 94.808 24.7
DK.TULEG..BHZ 8717 40.3 5.8 716.25 0.02 -68.8237 76.5374 94.808 24.7
CB.HEH.00.BHZ 3986 40.3 5.8 415.949 0 127.41 50.253 94.808 24.7
CB.SNY.00.BHZ 3260 40.3 5.8 358.967 0 123.578 41.8278 94.808 24.7
CB.XLT.00.BHZ 2876 40.3 5.8 328.032 0 116.079 43.9 94.808 24.7
CH.BRANT..BHZ 7924 40.3 5.8 675.425 0.02 6.47298 46.938 94.808 24.7
CH.FIESA..BHZ 7819 40.3 5.8 669.69 0.02 8.11043 46.4353 94.808 24.7
CH.FUORN..BHZ 7654 40.3 5.8 660.539 0.015 10.2635 46.6202 94.808 24.7
CH.HASLI..BHZ 7807 40.3 5.8 668.997 0.0124 8.15117 46.7568 94.808 24.7
CH.LIENZ..BHZ 7693 40.3 5.8 662.684 0.02 9.4927 47.2946 94.808 24.7
CB.DL2.00.BHZ 2971 40.3 5.8 335.8 0 121.628 38.906 94.808 24.7
GB.JSA..BHZ 8452 40.3 5.8 703.229 0.014999 -2.1717 49.1878 94.808 24.7
IU.PET.00.BHZ 6115 40.3 5.8 567.383 0.02 158.65 53.0233 94.808 24.7
MP.AMR2.00.HHZ 4701 40.3 5.8 469.821 0 47.1902 31.9899 94.808 24.7
MY.KKM..BHZ 3079 40.3 5.8 344.729 0.0395 116.215 6.0443 94.808 24.7
MY.KSM..BHZ 3063 40.3 5.8 343.454 0.0419 110.308 1.4733 94.808 24.7
MY.LDM..BHZ 3329 40.3 5.8 364.676 0.0395 118.498 5.1777 94.808 24.7
MY.SBM..BHZ 3091 40.3 5.8 345.68 0.0395 112.214 2.4529 94.808 24.7
NO.SPB5.00.HHZ 7068 40.3 5.8 626.425 0.0075 16.3683 78.1823 94.808 24.7
NR.NE201..BHZ 9378 40.3 5.8 748.654 0.0381 23.9328 -24.5153 94.808 24.7
NR.NE202..BHZ 9546 40.3 5.8 756.178 0.0323 21.7823 -24.1135 94.808 24.7
NR.NE203..BHZ 9628 40.3 5.8 759.798 0.0028 20.1956 -22.9931 94.808 24.7
NR.NE204..BHZ 9287 40.3 5.8 744.51 0.0359 21.3382 -18.5396 94.808 24.7
NR.NE205..BHZ 9092 40.3 5.8 735.402 0.0411 23.5005 -18.6209 94.808 24.7
NR.NE206..BHZ 8894 40.3 5.8 725.936 0.0034 25.1619 -17.8002 94.808 24.7
NR.NE209..BHZ 9220 40.3 5.8 741.386 0.0014 23.7718 -21.4035 94.808 24.7
NR.NE210..BHZ 9449 40.3 5.8 751.852 0.0146 21.2157 -21.3619 94.808 24.7
TA.H22K..BHZ 8533 40.3 5.8 707.142 0.019998 -151.377 65.8937 94.808 24.7
TA.H23K..BHZ 8608 40.3 5.8 710.922 0.02 -149.543 65.8251 94.808 24.7
TA.H24K..BHZ 8671 40.3 5.8 714.052 0.02 -147.878 65.8371 94.808 24.7
TA.H27K..BHZ 8874 40.3 5.8 724.041 0.02 -141.527 66.2305 94.808 24.7
TA.H29M..BHZ 8981 40.3 5.8 729.238 0.02 -138.369 66.2191 94.808 24.7
TA.H31M..BHZ 9144 40.3 5.8 736.962 0.02 -134.343 65.8052 94.808 24.7
TA.I17K..BHZ 8246 40.3 5.8 692.358 0.02 -160.695 63.8864 94.808 24.7
TA.I20K..BHZ 8470 40.3 5.8 703.931 0.02 -154.478 64.7962 94.808 24.7
TA.I21K..BHZ 8550 40.3 5.8 708.024 0.02 -151.982 65.18 94.808 24.7
TA.I23K..BHZ 8656 40.3 5.8 713.349 0.02 -149.36 65.1479 94.808 24.7
TA.I26K..BHZ 8881 40.3 5.8 724.406 0.02 -143.154 65.3064 94.808 24.7
TA.I27K..BHZ 8915 40.3 5.8 726.066 0.02 -141.615 65.6035 94.808 24.7
TA.I28M..BHZ 8986 40.3 5.8 729.447 0.02 -139.936 65.4483 94.808 24.7
TA.I29M..BHZ 9048 40.3 5.8 732.44 0.02 -138.306 65.3609 94.808 24.7
TA.I30M..BHZ 9124 40.3 5.8 736.025 0.02 -136.377 65.2225 94.808 24.7
TA.J14K..BHZ 8163 40.3 5.8 688.007 0.02 -163.554 62.7492 94.808 24.7
TA.M13K..BHZ 8271 40.3 5.8 693.729 0.02 -163.35 60.4135 94.808 24.7
TA.M14K..BHZ 8326 40.3 5.8 696.605 0.02 -161.96 60.7515 94.808 24.7
TA.M15K..BHZ 8392 40.3 5.8 700.013 0.02 -160.688 60.6947 94.808 24.7
TA.M16K..BHZ 8462 40.3 5.8 703.563 0.02 -158.959 61.0224 94.808 24.7
TA.M17K..BHZ 8516 40.3 5.8 706.321 0.02 -157.438 61.4009 94.808 24.7
TA.M19K..BHZ 8631 40.3 5.8 712.128 0.020001 -154.391 61.9037 94.808 24.7
TA.M20K..BHZ 8690 40.3 5.8 715.045 0.02 -153.132 61.8823 94.808 24.7
TA.M26K..BHZ 9090 40.3 5.8 734.447 0.02 -142.996 62.4013 94.808 24.7
TA.M27K..BHZ 9138 40.3 5.8 736.693 0.02 -141.878 62.3579 94.808 24.7
TA.M29M..BHZ 9264 40.3 5.8 742.556 0.020001 -138.462 62.4435 94.808 24.7
YG.RH12..BHZ 9072 40.3 5.8 733.622 0.01 -145.353 61.2398 94.808 24.7
YG.RH13..BHZ 9066 40.3 5.8 733.322 0.01 -145.574 61.1934 94.808 24.7
YG.RH14..BHZ 9059 40.3 5.8 733.001 0.010003 -145.937 61.0617 94.808 24.7
YG.RH15..BHZ 9045 40.3 5.8 732.309 0.009998 -146.212 61.1012 94.808 24.7
YG.TOK1..BHZ 9010 40.3 5.8 730.651 0.010003 -144.828 62.4839 94.808 24.7
YG.TOK2..BHZ 9013 40.3 5.8 730.803 0.009998 -144.451 62.662 94.808 24.7
YG.TOK3..BHZ 9025 40.3 5.8 731.35 0.01 -144.069 62.7187 94.808 24.7
YG.TOK4..BHZ 9031 40.3 5.8 731.645 0.009998 -143.707 62.8391 94.808 24.7
YG.TOK5..BHZ 9032 40.3 5.8 731.666 0.01 -143.047 63.2061 94.808 24.7
YO.TOAD..HHZ 10040 40.3 5.8 776.494 0 -125.233 58.8499 94.808 24.7
YS.TL02..BHZ 4978 40.3 5.8 490.141 0.01 125.208 -8.9884 94.808 24.7
YS.TL05..BHZ 5010 40.3 5.8 492.46 0.01 125.66 -8.9853 94.808 24.7
YS.TL06..BHZ 5026 40.3 5.8 493.613 0.01 126.458 -8.4718 94.808 24.7
YS.TL08..BHZ 5068 40.3 5.8 496.575 0.01 126.991 -8.4947 94.808 24.7
YS.TL1B..BHZ 4939 40.3 5.8 487.324 0.01 124.357 -9.2422 94.808 24.7
ZT.LESE..BHZ 8870 40.3 5.8 724.762 0.01 29.7445 -24.4152 94.808 24.7
GB.LMK..BHZ 8165 40.3 5.8 688.264 0.004999 -0.3274 53.4573 94.808 24.7
GB.WACR..BHZ 8131 40.3 5.8 686.477 0.004999 0.6266 52.7246 94.808 24.7
GE.DAG..BHZ 7917 40.3 5.8 674.698 0.015 -18.655 76.7713 94.808 24.7
GE.SUMG..BHZ 8660 40.3 5.8 713.446 0.015001 -38.4621 72.5743 94.808 24.7
GE.TIRR..BHZ 6290 40.3 5.8 578.76 0.04 28.4128 44.4581 94.808 24.7
GE.UGM..BHZ 3991 40.3 5.8 416.648 0.039538 110.523 -7.9125 94.808 24.7
GE.VSU..BHZ 6430 40.3 5.8 587.498 0.025 26.7347 58.462 94.808 24.7
GG.SE1.00.BHZ 9548 40.3 5.8 755.396 0.020001 -42.0349 63.2485 94.808 24.7
GO.AKH..HHZ 5055 40.3 5.8 495.284 0 43.4929 41.41 94.808 24.7
GO.ONI.00.HHZ 5070 40.3 5.8 496.4 0 43.4525 42.5905 94.808 24.7
GT.BOSA.00.BHZ 9497 40.3 5.8 753.985 0.02 25.2555 -28.6141 94.808 24.7
GT.LBTB.00.BHZ 9262 40.3 5.8 743.31 0.02 25.5966 -25.0151 94.808 24.7
S1.AUTAR..BHZ 9221 40.3 5.8 741.338 0.07 147.355 -42.9425 94.808 24.7
S1.AUTKS..BHZ 8789 40.3 5.8 720.729 0.07 151.025 -33.7846 94.808 24.7
S1.AUUHS..BHZ 8862 40.3 5.8 724.284 0.07 150.47 -35.3589 94.808 24.7
SS.COI..BHZ 9316 40.3 5.8 745.273 0.014538 -8.4124 40.208 94.808 24.7
TA.A19K..BHZ 7957 40.3 5.8 676.934 0.02 -161.071 70.2043 94.808 24.7
TA.A21K..BHZ 8057 40.3 5.8 682.323 0.02 -156.617 71.3221 94.808 24.7
TA.A22K..BHZ 8126 40.3 5.8 685.996 0.02 -154.974 71.0033 94.808 24.7
