2009-12-31T09:57:31.230000Z 27.29 91.426 20.4 5.4
2009-12-29T09:01:53.610000Z 24.394 94.773 109.6 5.3
2009-12-13T14:41:55.170000Z 22.047 91.815 5.3 5.1
2009-10-29T17:00:38.240000Z 27.296 91.397 22.9 5.2
2009-09-21T19:38:42.430000Z 20.408 94.803 84.8 5.5
2009-09-21T08:53:05.480000Z 27.383 91.422 11.9 6.0
2009-09-03T19:51:07.840000Z 24.357 94.692 101.1 5.5
2009-08-30T19:27:48.960000Z 25.265 95.057 81.7 5.0
2009-08-11T21:43:47.590000Z 24.325 94.691 99.9 5.3
2009-07-10T09:02:04.340000Z 25.687 101.033 14.9 5.0
2009-07-09T11:19:17.690000Z 25.702 101.073 15.1 5.3
2009-03-05T15:49:54.200000Z 15.607 95.979 15.0 5.0
