2013-11-29T01:54:46.920000Z 28.902 95.844 19.1 5.1
2013-11-06T04:16:17.120000Z 26.413 93.57 35.5 5.4
2013-09-20T12:24:47.680000Z 22.984 95.874 10.0 5.2
2013-08-31T00:04:18.370000Z 28.228 99.348 13.3 5.6
2013-08-02T12:04:29.580000Z 23.929 94.741 92.9 5.0
2013-04-17T01:45:57.800000Z 25.953 99.723 21.4 5.1
2013-04-16T08:34:13.200000Z 28.915 95.101 32.1 5.2
2013-04-11T03:47:03.740000Z 19.293 95.595 15.0 5.5
2013-04-04T15:16:27.320000Z 19.248 95.645 15.0 5.6
2013-04-03T16:35:46.860000Z 19.281 95.633 15.0 5.8
2013-03-03T05:41:18.040000Z 25.959 99.758 15.0 5.6
2013-03-02T01:30:39.420000Z 24.684 92.187 45.1 5.5
2013-01-09T01:41:53.350000Z 25.331 94.996 92.8 5.8
