2007-11-29T19:00:22.080000Z 23.357 94.535 110.3 5.0
2007-11-07T07:10:21.650000Z 22.166 92.388 26.9 5.0
2007-09-18T09:01:50.820000Z 19.976 93.635 33.4 5.0
2007-07-31T08:43:42.150000Z 19.255 95.584 13.5 5.2
2007-07-30T22:42:05.590000Z 19.328 95.572 13.8 5.9
2007-06-23T08:27:47.260000Z 21.571 99.946 6.7 5.1
2007-06-23T08:17:18.970000Z 21.488 99.75 16.1 5.3
2007-06-02T21:34:58.580000Z 23.052 100.985 7.4 5.6
2007-05-16T08:56:16.440000Z 20.527 100.684 23.8 5.8
2007-01-09T05:27:21.560000Z 19.228 95.235 92.2 5.1
