2005-10-31T10:34:03.550000Z 17.52 92.484 19.1 5.0
2005-09-18T07:25:59.640000Z 24.594 94.723 84.5 5.5
2005-08-05T14:14:46.400000Z 26.578 102.958 27.0 5.1
2005-07-17T01:04:44.310000Z 21.03 94.967 121.6 5.0
2005-06-01T20:06:40.880000Z 28.857 94.559 23.4 5.9
2005-03-25T13:34:40.090000Z 25.471 94.761 67.6 5.2
2005-02-15T13:05:48.840000Z 24.41 94.522 60.4 5.1
2005-02-15T11:15:10.550000Z 24.569 92.45 27.2 5.1
2005-02-08T07:20:57.890000Z 19.796 95.734 9.4 5.1
2005-02-03T20:13:29.950000Z 26.139 95.49 75.0 5.0
